0.2439437984496124
0.2500948766603416
0.18502202643171806
0.20588235294117646
0.21621621621621623
1.0
0.5
0.22535211267605634
0.21206581352833637
1.0
0.2439437984496124
0.4
0.16666666666666666
0.16666666666666666
0.16666666666666666
0.30357142857142855
0.6666666666666666
0.16666666666666666
0.3333333333333333
1.0
0.16666666666666666
1.0
0.3888888888888889
0.16666666666666666
0.16666666666666666
0.16666666666666666
0.55
0.16666666666666666
0.4
0.16666666666666666
1.0
0.5
0.46153846153846156
0.16666666666666666
0.2439437984496124
0.2439437984496124
0.24448027784668816
0.24448027784668816
0.24448027784668816
0.16666666666666666
1.0
0.13333333333333333
0.2897350993377483
